# 1 year, UK20, dayahead prices average on one day, real data

Q = 0 # initial amount of money invested 
C_max = 5 # capacity of the storage
r = 0.0001
l = 0.05

rho = 0.2

sc = 10e4 #renormalization coefficient 

# parameters of the graph

T = 364

nb_nodes = 10

x = [-1.5,-1.16666667,-0.83333333,-0.5,-0.16666667,0.16666667,0.5,0.83333333,1.16666667,1.5]

P = [[8.34459804e-02, 2.69355119e-01, 3.70402831e-01, 2.17021195e-01,5.39030264e-02, 5.62375378e-03, 2.43722894e-04, 4.33911888e-06, 3.14262912e-08, 9.18525718e-11],[2.79846535e-02, 1.48858666e-01, 3.37156661e-01, 3.26191548e-01,1.34541765e-01, 2.34947175e-02, 1.71922401e-03, 5.21151688e-05,6.47379496e-07, 3.26503492e-09],[7.09683917e-03, 6.21767059e-02, 2.31310044e-01, 3.67628481e-01,2.49994243e-01, 7.24551083e-02, 8.87455628e-03, 4.54327992e-04,9.61081270e-06, 8.31365914e-08],[1.35043774e-03, 1.95366644e-02, 1.19396308e-01, 3.10908682e-01,3.46686294e-01, 1.65500570e-01, 3.36343283e-02, 2.88222842e-03,1.02969874e-04, 1.51659193e-06],[1.91260640e-04, 4.59488741e-03, 4.62968878e-02, 1.97686364e-01,3.60604685e-01, 2.82014261e-01, 9.43712126e-02, 1.34180931e-02,8.02394573e-04, 1.99544037e-05],[1.99544037e-05, 8.02394573e-04, 1.34180931e-02, 9.43712126e-02,2.82014261e-01, 3.60604685e-01, 1.97686364e-01, 4.62968878e-02,4.59488741e-03, 1.91260640e-04],[1.51659193e-06, 1.02969874e-04, 2.88222842e-03, 3.36343283e-02,1.65500570e-01, 3.46686294e-01, 3.10908682e-01, 1.19396308e-01,1.95366644e-02, 1.35043774e-03],[8.31365914e-08, 9.61081270e-06, 4.54327992e-04, 8.87455628e-03,7.24551083e-02, 2.49994243e-01, 3.67628481e-01, 2.31310044e-01,6.21767059e-02, 7.09683917e-03],[3.26503492e-09, 6.47379496e-07, 5.21151688e-05, 1.71922401e-03,2.34947175e-02, 1.34541765e-01, 3.26191548e-01, 3.37156661e-01,1.48858666e-01, 2.79846535e-02],[9.18525718e-11, 3.14262912e-08, 4.33911888e-06, 2.43722894e-04,5.62375378e-03, 5.39030264e-02, 2.17021195e-01, 3.70402831e-01,2.69355119e-01, 8.34459804e-02]]

P0 = [0.001000751381792061, 0.009543943613139618, 0.05165177364527187, 0.1589899307334715, 0.27881359953216905, 0.2788135995321691, 0.1589899307334715, 0.051651773645271945, 0.009543943613139629, 0.001000751381792061]

moy_ln = [3.6788914563864203, 3.6818313851317144, 3.66151708502627, 3.5193996392057394, 3.3289763149752107, 3.5612519000865905, 3.625474252974957, 3.6788914563864203, 3.6818313851317144, 3.66151708502627, 3.5193996392057394, 3.3289763149752107, 3.5612519000865905, 3.625474252974957, 3.6788914563864203, 3.6818313851317144, 3.66151708502627, 3.5193996392057394, 3.3289763149752107, 3.5612519000865905, 3.625474252974957, 3.6788914563864203, 3.6818313851317144, 3.66151708502627, 3.5193996392057394, 3.3289763149752107, 3.5612519000865905, 3.625474252974957, 3.6788914563864203, 3.6818313851317144, 3.66151708502627, 3.5193996392057394, 3.3289763149752107, 3.5612519000865905, 3.625474252974957, 3.6788914563864203, 3.6818313851317144, 3.66151708502627, 3.5193996392057394, 3.3289763149752107, 3.5612519000865905, 3.625474252974957, 3.6788914563864203, 3.6818313851317144, 3.66151708502627, 3.5193996392057394, 3.3289763149752107, 3.5612519000865905, 3.625474252974957, 3.6788914563864203, 3.6818313851317144, 3.66151708502627, 3.5193996392057394, 3.3289763149752107, 3.5612519000865905, 3.625474252974957, 3.6788914563864203, 3.6818313851317144, 3.66151708502627, 3.5193996392057394, 3.3289763149752107, 3.5612519000865905, 3.625474252974957, 3.6788914563864203, 3.6818313851317144, 3.66151708502627, 3.5193996392057394, 3.3289763149752107, 3.5612519000865905, 3.625474252974957, 3.6788914563864203, 3.6818313851317144, 3.66151708502627, 3.5193996392057394, 3.3289763149752107, 3.5612519000865905, 3.625474252974957, 3.6788914563864203, 3.6818313851317144, 3.66151708502627, 3.5193996392057394, 3.3289763149752107, 3.5612519000865905, 3.625474252974957, 3.6788914563864203, 3.6818313851317144, 3.66151708502627, 3.5193996392057394, 3.3289763149752107, 3.5612519000865905, 3.625474252974957, 3.4292814632808026, 3.429975251928239, 3.3381244750024517, 3.17831386402599, 2.883565159061543, 3.2170871638203145, 3.3798712987811084, 3.4292814632808026, 3.429975251928239, 3.3381244750024517, 3.17831386402599, 2.883565159061543, 3.2170871638203145, 3.3798712987811084, 3.4292814632808026, 3.429975251928239, 3.3381244750024517, 3.17831386402599, 2.883565159061543, 3.2170871638203145, 3.3798712987811084, 3.4292814632808026, 3.429975251928239, 3.3381244750024517, 3.17831386402599, 2.883565159061543, 3.2170871638203145, 3.3798712987811084, 3.4292814632808026, 3.429975251928239, 3.3381244750024517, 3.17831386402599, 2.883565159061543, 3.2170871638203145, 3.3798712987811084, 3.4292814632808026, 3.429975251928239, 3.3381244750024517, 3.17831386402599, 2.883565159061543, 3.2170871638203145, 3.3798712987811084, 3.4292814632808026, 3.429975251928239, 3.3381244750024517, 3.17831386402599, 2.883565159061543, 3.2170871638203145, 3.3798712987811084, 3.4292814632808026, 3.429975251928239, 3.3381244750024517, 3.17831386402599, 2.883565159061543, 3.2170871638203145, 3.3798712987811084, 3.4292814632808026, 3.429975251928239, 3.3381244750024517, 3.17831386402599, 2.883565159061543, 3.2170871638203145, 3.3798712987811084, 3.4292814632808026, 3.429975251928239, 3.3381244750024517, 3.17831386402599, 2.883565159061543, 3.2170871638203145, 3.3798712987811084, 3.4292814632808026, 3.429975251928239, 3.3381244750024517, 3.17831386402599, 2.883565159061543, 3.2170871638203145, 3.3798712987811084, 3.4292814632808026, 3.429975251928239, 3.3381244750024517, 3.17831386402599, 2.883565159061543, 3.2170871638203145, 3.3798712987811084, 3.4292814632808026, 3.429975251928239, 3.3381244750024517, 3.17831386402599, 2.883565159061543, 3.2170871638203145, 3.3798712987811084, 3.4292814632808026, 3.429975251928239, 3.3381244750024517, 3.17831386402599, 2.883565159061543, 3.2170871638203145, 3.3798712987811084, 3.4292814632808026, 3.429975251928239, 3.3381244750024517, 3.17831386402599, 2.883565159061543, 3.2170871638203145, 3.3798712987811084, 3.4292814632808026, 3.429975251928239, 3.3381244750024517, 3.17831386402599, 2.883565159061543, 3.2170871638203145, 3.3798712987811084, 3.4292814632808026, 3.429975251928239, 3.3381244750024517, 3.17831386402599, 2.883565159061543, 3.2170871638203145, 3.3798712987811084, 3.4292814632808026, 3.429975251928239, 3.3381244750024517, 3.17831386402599, 2.883565159061543, 3.2170871638203145, 3.3798712987811084, 3.4292814632808026, 3.429975251928239, 3.3381244750024517, 3.17831386402599, 2.883565159061543, 3.2170871638203145, 3.3798712987811084, 3.4292814632808026, 3.429975251928239, 3.3381244750024517, 3.17831386402599, 2.883565159061543, 3.2170871638203145, 3.3798712987811084, 3.4292814632808026, 3.429975251928239, 3.3381244750024517, 3.17831386402599, 2.883565159061543, 3.2170871638203145, 3.3798712987811084, 3.4292814632808026, 3.429975251928239, 3.3381244750024517, 3.17831386402599, 2.883565159061543, 3.2170871638203145, 3.3798712987811084, 3.4292814632808026, 3.429975251928239, 3.3381244750024517, 3.17831386402599, 2.883565159061543, 3.2170871638203145, 3.3798712987811084, 3.4292814632808026, 3.429975251928239, 3.3381244750024517, 3.17831386402599, 2.883565159061543, 3.2170871638203145, 3.3798712987811084, 3.4292814632808026, 3.429975251928239, 3.3381244750024517, 3.17831386402599, 2.883565159061543, 3.2170871638203145, 3.3798712987811084, 3.4292814632808026, 3.429975251928239, 3.3381244750024517, 3.17831386402599, 2.883565159061543, 3.2170871638203145, 3.3798712987811084, 3.4292814632808026, 3.6818313851317144, 3.66151708502627, 3.5193996392057394, 3.3289763149752107, 3.5612519000865905, 3.625474252974957, 3.6788914563864203, 3.6818313851317144, 3.66151708502627, 3.5193996392057394, 3.3289763149752107, 3.5612519000865905, 3.625474252974957, 3.6788914563864203, 3.6818313851317144, 3.66151708502627, 3.5193996392057394, 3.3289763149752107, 3.5612519000865905, 3.625474252974957, 3.6788914563864203, 3.6818313851317144, 3.66151708502627, 3.5193996392057394, 3.3289763149752107, 3.5612519000865905, 3.625474252974957, 3.6788914563864203, 3.6818313851317144, 3.66151708502627, 3.5193996392057394, 3.3289763149752107, 3.5612519000865905, 3.625474252974957, 3.6788914563864203, 3.6818313851317144, 3.66151708502627, 3.5193996392057394, 3.3289763149752107, 3.5612519000865905, 3.625474252974957, 3.6788914563864203, 3.6818313851317144, 3.66151708502627, 3.5193996392057394, 3.3289763149752107, 3.5612519000865905, 3.625474252974957, 3.6788914563864203, 3.6818313851317144, 3.66151708502627, 3.5193996392057394, 3.3289763149752107, 3.5612519000865905, 3.625474252974957, 3.6788914563864203, 3.6818313851317144, 3.66151708502627, 3.5193996392057394, 3.3289763149752107, 3.5612519000865905, 3.625474252974957, 3.6788914563864203, 3.6818313851317144, 3.66151708502627, 3.5193996392057394, 3.3289763149752107, 3.5612519000865905, 3.625474252974957, 3.6788914563864203, 3.6818313851317144, 3.66151708502627, 3.5193996392057394, 3.3289763149752107, 3.5612519000865905, 3.625474252974957, 3.6788914563864203, 3.6818313851317144, 3.66151708502627, 3.5193996392057394, 3.3289763149752107, 3.5612519000865905, 3.625474252974957, 3.6788914563864203, 3.6818313851317144, 3.66151708502627, 3.5193996392057394, 3.3289763149752107, 3.5612519000865905, 3.625474252974957, 3.6788914563864203]

